0 27 2
0 30 7
0 1 8
0 28 5
0 41 10
0 23 2
0 44 10
0 9 6
0 45 10
0 15 2
0 17 4
0 14 1
0 41 6
0 46 5
0 19 5
0 30 4
0 40 1
0 47 10
0 18 2
0 11 10
0 44 1
0 33 6
0 1 6
0 43 3
0 1 8
0 27 7
0 33 8
0 10 6
0 41 3
0 7 2
0 32 7
0 36 8
0 32 9
0 38 8
0 11 3
0 36 7
0 27 5
0 4 8
0 40 9
0 14 4
0 15 7
0 44 2
0 2 2
0 33 3
1 24 2
1 5 9
1 49 10
1 39 8
1 26 8
1 30 8
1 23 9
1 19 10
1 19 1
1 14 7
1 33 1
1 35 10
1 10 8
1 6 8
1 33 10
1 5 8
1 29 9
1 31 3
1 22 9
1 39 5
1 37 8
1 20 1
1 33 10
1 4 9
1 6 3
1 48 8
1 38 4
1 3 3
2 46 1
2 21 3
2 15 10
2 1 8
2 19 1
2 26 4
2 31 6
2 28 2
2 28 4
2 41 6
2 23 5
2 29 6
2 20 1
2 40 9
2 2 8
2 22 5
2 20 4
2 1 7
2 7 2
2 1 9
2 38 9
2 34 9
2 14 10
2 21 8
3 45 10
3 45 2
3 2 2
3 25 4
3 14 9
3 8 1
3 40 8
3 43 1
3 4 4
3 44 6
3 20 7
3 18 9
3 21 3
3 41 1
3 30 8
3 48 4
3 40 2
3 25 10
3 17 9
3 0 8
3 40 8
3 44 8
3 15 8
3 41 4
3 25 7
3 33 7
3 0 7
3 31 4
3 30 6
3 28 10
3 21 2
3 21 2
3 22 4
3 29 2
3 47 6
3 17 6
3 11 5
3 25 8
3 0 9
3 13 4
3 47 6
3 36 3
3 28 10
3 48 7
3 17 8
3 18 10
3 19 7
3 5 1
3 32 1
3 26 5
4 18 8
4 10 7
4 17 1
4 41 6
4 35 4
4 46 5
4 5 10
4 4 4
4 46 3
4 49 1
4 35 4
4 23 2
4 33 1
4 27 2
4 23 3
4 45 1
4 23 9
4 14 4
4 6 1
4 10 3
4 10 4
4 43 7
4 38 1
4 2 8
4 41 5
4 20 2
4 23 2
4 16 8
4 35 10
4 19 4
4 45 2
4 9 10
4 8 6
4 0 2
4 20 5
4 35 1
4 43 4
4 25 8
4 39 10
4 36 4
5 48 3
5 9 8
5 3 4
5 18 7
5 16 7
5 20 5
5 31 7
5 43 9
5 23 9
5 5 10
5 5 8
5 30 6
5 26 3
5 47 10
5 31 6
5 48 5
5 37 5
5 27 6
5 6 8
5 8 6
5 40 1
5 3 3
5 15 1
5 47 10
5 38 4
5 14 3
5 29 6
5 12 1
5 49 3
5 23 3
5 25 1
5 21 9
5 45 8
5 21 10
6 16 1
6 25 9
6 45 1
7 17 7
7 48 2
7 22 6
7 39 4
7 47 10
7 32 4
7 17 5
7 30 10
7 40 8
7 25 2
7 22 2
7 46 10
7 47 1
7 49 6
7 2 4
7 24 7
7 7 1
7 49 8
7 22 10
7 12 4
8 3 3
8 47 10
8 5 6
8 1 2
8 8 5
8 25 10
8 28 7
8 23 1
8 36 4
8 17 3
8 47 5
8 19 9
8 44 5
8 12 3
8 25 2
8 10 4
8 14 4
8 19 3
8 4 10
8 16 7
8 48 5
8 43 3
8 33 10
8 21 6
8 3 8
8 21 7
8 25 3
8 30 9
8 3 7
8 44 7
8 31 9
8 31 6
9 11 5
9 2 4
9 35 9
9 28 1
9 2 1
9 49 7
9 25 3
10 0 5
10 21 7
10 28 8
10 1 5
10 1 1
10 42 2
10 19 6
10 29 9
11 45 8
11 16 3
11 25 2
11 37 2
11 32 7
11 13 3
11 46 9
11 18 7
11 19 10
11 10 7
11 12 8
11 45 7
11 9 8
11 3 8
11 17 1
11 5 1
11 33 8
11 42 5
11 39 1
11 48 3
12 41 9
12 40 3
12 43 1
12 31 5
12 43 1
12 12 7
12 36 4
12 48 4
12 9 8
12 29 10
12 48 7
12 4 6
12 43 9
12 27 8
12 41 9
12 4 5
12 23 1
12 11 3
12 3 1
12 7 3
12 49 10
12 10 7
12 30 4
12 47 2
12 36 7
12 14 1
12 42 10
12 31 1
12 48 1
12 12 2
12 35 4
12 44 8
12 41 7
12 48 8
12 28 4
12 10 9
13 20 4
13 42 8
13 12 9
13 4 8
13 25 3
13 6 10
13 26 4
13 25 10
13 11 9
13 6 1
13 1 1
13 36 4
13 49 10
13 40 8
13 21 10
13 11 8
13 11 10
13 19 2
13 34 5
13 20 1
13 47 2
13 30 1
13 8 7
13 22 8
13 45 7
13 37 6
13 46 7
13 27 4
13 46 8
14 37 3
14 8 1
14 47 8
14 8 2
14 13 5
14 33 8
14 26 3
14 9 8
14 23 2
14 26 7
14 18 1
14 38 7
14 4 4
14 16 4
14 21 3
14 46 10
14 38 3
14 23 6
14 2 9
14 33 2
14 17 9
14 19 5
14 11 9
14 33 7
14 49 3
14 25 4
14 18 2
14 29 9
14 5 9
14 35 10
14 25 9
14 27 2
14 19 9
14 47 2
14 39 3
14 47 1
14 18 9
14 13 2
14 47 9
14 34 5
14 35 4
14 22 8
14 39 6
14 18 4
14 42 2
14 42 7
15 49 4
15 41 1
15 20 6
15 7 7
15 30 5
15 20 7
15 15 7
15 11 8
15 30 5
15 30 4
15 30 7
15 7 1
15 31 7
15 7 4
15 38 7
15 32 8
15 49 5
15 28 2
15 43 6
16 12 7
16 34 7
16 24 8
16 38 4
16 47 5
16 19 1
16 25 5
16 12 3
16 36 4
16 34 2
16 40 5
16 4 3
16 48 8
16 14 10
16 23 2
16 38 3
16 18 1
16 46 1
16 32 2
16 37 5
16 15 5
16 4 8
16 40 7
16 44 5
16 26 10
16 29 5
16 23 8
16 11 4
17 26 6
17 12 1
17 18 6
17 24 8
17 14 7
17 41 10
17 13 1
18 4 2
18 13 6
18 39 5
18 45 1
18 40 9
18 11 8
18 13 9
18 40 2
18 14 8
18 36 5
18 14 4
18 10 9
18 16 8
18 33 7
18 22 9
18 21 2
18 43 8
18 34 5
18 35 8
18 21 4
18 43 9
18 23 10
18 26 6
18 14 2
18 11 6
18 34 9
18 48 10
18 35 1
18 25 8
18 9 1
18 18 2
18 42 2
18 11 8
18 0 1
19 47 3
19 48 4
19 48 7
19 38 3
19 45 9
19 43 6
19 39 3
19 23 2
19 49 3
19 39 10
19 10 4
19 12 1
19 18 3
19 47 6
19 43 10
19 48 9
19 27 4
19 48 10
19 18 9
19 42 10
19 12 9
19 13 1
19 11 1
19 38 3
19 25 4
19 44 4
19 42 8
19 41 8
19 18 9
19 3 6
19 18 10
19 37 10
19 27 1
19 41 10
19 47 9
19 33 5
19 28 6
19 47 7
19 48 6
19 48 3
19 22 8
19 11 4
19 47 5
19 43 6
19 21 2
19 39 4
20 5 5
20 35 7
20 4 1
20 20 4
20 18 6
20 20 7
20 0 5
20 9 6
20 43 3
20 8 2
20 9 4
20 45 6
20 10 9
20 38 2
20 20 9
20 8 6
21 1 3
21 9 4
21 29 4
21 4 4
21 10 2
21 49 7
21 21 4
21 39 7
21 41 5
21 30 8
21 5 8
21 7 6
21 31 1
21 24 7
21 11 1
21 8 8
21 27 10
21 6 3
21 3 9
21 12 1
21 20 3
21 15 2
21 27 10
21 39 6
21 48 5
21 17 8
21 14 6
21 37 5
21 39 3
21 43 9
21 25 9
21 1 4
21 44 7
21 32 8
21 48 6
21 14 5
21 45 8
21 37 2
21 42 1
21 46 2
22 40 1
22 18 7
22 31 1
22 23 1
22 39 9
22 43 9
22 6 7
22 11 1
22 29 7
22 26 2
22 6 10
22 39 3
22 38 1
22 39 9
22 44 6
22 10 7
22 38 7
22 32 4
22 10 5
22 4 6
22 23 3
22 41 1
22 46 6
22 49 9
22 28 7
22 6 3
22 47 5
22 15 3
22 25 1
22 36 10
22 24 3
22 19 6
22 5 2
22 12 2
22 21 5
22 19 10
22 9 4
22 43 4
22 18 10
22 32 6
22 19 4
22 31 1
22 23 2
22 8 1
22 37 8
22 24 1
22 33 10
22 9 9
22 24 10
22 5 10
23 44 7
23 37 4
23 10 10
23 31 8
23 2 6
23 4 4
23 26 10
23 48 10
23 49 3
23 28 1
23 32 1
23 22 4
23 29 6
23 15 8
23 0 6
23 18 5
23 8 6
23 1 2
23 7 6
23 43 5
23 45 5
23 33 6
23 49 8
23 6 9
23 45 8
23 13 8
23 3 5
23 24 6
23 18 7
23 43 10
23 33 2
23 45 8
23 4 9
23 40 5
23 25 3
23 15 7
23 14 8
23 34 8
23 2 3
23 33 6
23 22 4
23 27 2
23 35 6
23 0 8
23 49 6
23 16 2
24 14 2
24 26 4
24 15 3
24 2 5
24 7 2
24 2 6
24 29 3
25 11 4
25 12 2
25 46 6
25 12 6
25 17 5
25 40 1
25 34 2
25 37 10
25 3 10
25 41 9
25 33 3
25 18 2
25 6 1
25 24 4
25 4 8
25 24 3
25 49 2
25 42 9
25 19 3
25 13 8
25 37 5
25 31 6
25 3 2
25 21 6
25 38 7
25 37 6
25 47 8
25 24 8
25 48 7
25 33 8
25 41 9
25 47 5
25 41 1
25 39 9
25 43 7
25 42 8
26 31 3
26 40 10
26 16 4
26 22 4
26 37 3
26 29 2
26 21 1
26 5 2
26 7 8
26 40 3
26 21 2
26 24 3
26 6 6
26 38 8
26 29 4
26 49 1
26 31 1
26 39 2
26 8 10
26 31 1
26 35 7
26 10 9
26 1 1
26 6 4
26 26 3
26 45 1
26 33 4
27 36 5
27 45 3
27 9 10
27 5 1
27 20 9
27 33 1
27 41 7
27 37 3
27 14 8
27 14 1
27 9 6
27 21 2
27 21 5
27 26 3
27 4 4
27 47 4
27 18 3
27 20 4
27 34 8
27 20 2
27 41 6
27 30 8
27 3 2
27 46 3
28 46 4
28 5 6
28 7 4
28 13 9
28 4 3
28 46 9
28 41 6
28 8 2
28 25 6
28 1 4
28 3 3
28 26 4
28 47 8
28 8 5
28 37 10
28 7 4
28 17 9
28 19 5
28 11 4
28 13 10
28 26 4
28 11 7
28 44 3
28 38 5
28 2 10
28 29 5
28 25 4
28 9 5
28 12 2
28 5 2
28 35 5
28 25 2
28 25 8
29 4 4
29 31 1
29 24 1
29 1 1
29 30 4
29 40 1
29 31 2
29 32 10
29 8 4
29 2 6
29 32 7
29 26 6
29 27 5
29 0 7
29 24 10
29 33 1
29 32 2
29 2 1
29 12 2
29 35 5
29 41 3
29 33 7
29 4 2
29 21 7
29 6 9
29 44 3
29 49 3
29 4 2
29 4 2
29 49 9
30 44 5
30 4 9
30 14 10
31 49 3
31 30 6
31 42 10
31 12 9
31 6 10
31 32 10
31 38 5
31 12 8
31 7 8
31 33 7
31 8 5
31 3 6
31 0 9
31 30 6
31 41 10
31 42 6
31 35 7
31 15 1
31 28 8
31 20 9
31 3 9
31 40 1
31 40 10
31 7 10
31 19 10
31 45 8
31 34 6
31 11 5
31 30 5
31 49 10
31 24 10
31 14 2
31 39 9
31 35 1
32 16 2
32 45 1
32 5 6
32 14 4
32 47 1
32 31 8
32 42 9
32 2 4
32 44 6
32 32 7
32 15 3
32 42 1
32 26 4
32 36 3
32 2 9
32 23 7
32 45 3
32 13 9
32 34 5
32 36 3
33 10 4
33 22 9
33 41 5
33 26 4
33 10 8
33 33 5
33 16 4
33 0 6
33 44 6
33 16 1
33 41 5
33 13 9
33 25 4
33 30 8
33 12 3
33 10 3
33 37 1
33 41 7
33 15 8
33 1 10
33 4 10
33 32 5
33 1 5
33 14 9
33 44 9
33 4 8
33 2 9
33 35 9
33 30 2
33 3 8
33 8 10
33 21 3
33 1 2
33 20 2
33 1 6
33 20 3
33 14 3
33 32 2
33 23 3
33 34 4
33 46 6
33 42 6
33 30 10
33 33 6
33 3 9
33 16 8
33 37 6
33 11 5
34 30 4
34 23 4
34 44 7
34 49 1
34 48 1
34 10 8
34 10 3
34 49 7
34 1 8
34 29 8
34 29 1
34 34 5
34 23 10
34 39 5
34 7 7
34 39 6
34 6 4
35 14 3
35 16 6
35 45 9
35 12 3
35 29 8
35 33 6
35 29 6
35 34 5
35 41 8
35 29 9
35 27 3
35 29 1
35 29 8
35 44 2
35 24 9
35 12 1
35 4 4
35 25 6
35 15 7
35 28 7
35 17 6
35 37 4
35 5 9
35 0 8
35 31 5
35 1 7
35 10 4
35 22 1
35 13 5
35 0 1
35 8 6
35 3 2
35 22 9
35 12 7
35 39 9
35 6 4
35 30 9
36 47 1
36 36 9
36 39 1
36 4 1
36 18 7
36 4 6
36 19 2
36 27 5
36 7 3
36 26 4
36 19 4
36 19 1
36 20 3
36 4 10
36 2 2
36 19 2
36 36 9
36 43 5
36 18 2
36 0 10
36 32 9
36 19 7
36 13 5
36 5 3
36 7 5
36 28 9
36 34 3
36 14 4
36 34 7
36 22 6
36 20 3
36 21 10
36 41 4
36 3 2
36 4 3
36 37 9
37 17 3
37 25 5
37 30 9
37 16 5
37 15 4
37 40 6
37 47 5
37 1 8
37 15 9
37 10 9
37 36 8
37 46 1
37 16 9
37 25 4
38 8 3
38 7 10
38 26 7
38 12 5
38 18 9
38 41 1
38 37 7
38 45 7
38 44 8
38 30 9
38 33 1
39 30 2
39 13 9
39 27 9
39 46 7
39 1 6
39 44 1
39 27 2
39 3 8
39 31 6
39 40 5
39 28 4
39 23 4
39 10 6
39 12 3
39 36 2
39 48 8
39 24 10
39 24 5
39 19 5
39 46 7
39 47 9
39 22 5
39 41 6
39 2 8
39 0 2
39 41 10
39 9 4
39 47 5
39 43 9
39 11 9
39 12 1
39 6 7
39 48 8
39 49 7
39 0 3
39 21 9
39 24 3
39 3 6
39 34 2
39 24 10
40 37 6
40 15 4
40 21 2
40 30 7
40 44 2
40 32 8
40 15 1
40 46 1
40 42 5
40 1 6
40 29 8
40 2 7
40 32 9
40 47 4
40 23 9
40 48 2
40 30 3
40 25 4
40 0 8
40 27 8
40 13 7
40 9 1
40 45 6
40 16 6
40 38 7
40 18 2
40 23 7
40 38 4
40 39 2
40 19 1
40 47 7
40 21 4
40 8 4
41 30 8
41 22 6
41 43 9
41 33 6
41 41 10
41 8 3
41 27 4
41 33 6
41 9 8
41 40 3
41 21 1
41 30 1
41 11 1
41 13 10
41 21 10
41 48 8
41 11 9
41 1 2
41 39 1
41 27 8
41 6 5
41 42 4
41 19 5
41 18 6
42 39 1
42 35 5
42 47 10
42 38 8
42 43 2
42 29 5
42 26 1
42 11 6
42 4 8
42 3 4
42 8 9
42 42 10
42 23 3
42 18 9
42 18 7
42 29 7
42 33 8
42 9 9
42 5 10
42 0 3
42 44 8
42 21 1
42 39 8
42 23 1
42 32 2
42 2 7
42 7 7
42 6 8
42 2 3
42 48 10
42 13 8
42 7 9
42 27 4
42 40 3
42 0 5
42 26 7
42 43 1
42 14 3
42 38 8
42 42 8
42 31 3
42 12 8
42 38 6
42 9 5
42 46 8
43 45 5
43 40 7
43 1 10
43 6 2
43 24 6
44 20 10
44 22 2
44 42 3
44 47 8
44 29 6
44 21 2
44 17 8
44 40 5
44 17 9
44 49 2
44 5 1
44 7 7
44 31 10
44 41 7
44 24 1
44 20 8
44 32 7
44 47 6
44 9 9
44 46 5
44 21 3
44 28 4
44 43 7
44 12 10
44 24 6
44 19 4
44 37 10
44 49 7
45 1 6
45 3 4
45 15 1
45 8 8
45 29 8
45 13 5
45 0 3
45 5 5
45 21 1
45 35 8
45 23 10
45 19 5
45 47 6
45 23 1
45 13 9
45 45 6
45 46 2
45 45 6
45 3 4
45 19 3
46 26 5
46 41 6
46 7 5
46 47 2
46 0 8
46 13 6
46 22 6
46 25 6
46 16 1
46 46 1
46 21 6
46 26 4
46 22 10
46 25 7
46 12 6
46 42 1
46 31 6
46 8 2
46 19 10
46 18 10
46 18 1
46 34 7
46 24 7
46 15 9
46 35 5
46 3 2
46 1 2
46 17 10
46 36 5
46 23 6
46 34 8
46 30 1
46 33 6
46 20 6
46 48 3
47 0 4
47 7 4
47 14 9
47 30 2
47 2 3
47 7 1
47 12 10
47 47 2
47 36 7
47 9 8
47 23 2
47 23 3
47 48 2
48 15 3
48 15 7
48 2 5
48 12 9
48 0 5
48 41 4
48 38 10
48 43 10
48 35 10
48 42 4
48 31 10
48 23 4
48 1 4
48 16 2
48 4 3
48 21 7
48 8 8
48 27 3
48 39 1
48 6 5
48 9 7
48 16 5
48 18 9
48 4 7
48 9 6
48 35 3
48 23 6
48 35 3
48 17 4
48 32 9
48 24 4
48 16 7
48 16 1
48 9 6
48 31 4
48 35 3
48 30 10
48 18 7
48 12 7
49 39 1
49 12 9
49 31 1
49 27 6
49 32 9
49 18 6
49 38 6
49 21 3
49 21 1
49 15 1
49 9 9
49 15 8
49 20 7
49 10 4
49 38 10
49 35 9
49 33 5
49 47 8
49 6 3
49 9 3
49 17 6
49 4 6
49 8 1
49 27 9
49 15 10
49 45 8
49 42 8
49 7 8
49 45 3
49 1 6
49 4 10
49 16 7
49 13 9
49 18 1
49 16 5
49 25 8
49 6 3
49 36 3
49 30 4
49 26 9
49 13 4
49 30 9
49 16 7
49 17 10
49 1 3
49 24 9
49 46 1
49 35 2
49 30 10
