0 19 24
0 29 23
0 15 26
0 18 4
0 33 12
0 41 12
0 1 4
0 17 36
0 17 11
0 18 12
0 18 6
0 7 10
0 22 14
0 33 29
0 32 27
0 20 11
0 25 8
0 24 24
0 7 10
0 25 31
0 41 5
0 1 11
0 19 5
0 14 22
0 21 1
0 37 15
0 34 17
1 9 36
1 23 1
1 31 8
1 40 11
1 0 7
1 6 22
1 7 20
1 32 35
1 35 29
1 29 10
1 0 10
1 6 11
1 16 31
1 11 19
1 11 39
1 19 34
1 4 33
1 17 34
1 8 14
1 3 8
2 25 23
2 41 32
2 39 6
2 36 5
2 11 36
2 19 39
3 8 6
3 2 0
3 15 13
3 1 32
3 3 25
3 21 25
3 9 35
3 7 3
3 12 11
3 1 10
3 2 34
3 8 17
3 17 4
3 12 20
3 26 24
3 41 23
3 40 10
3 3 38
3 38 6
3 11 28
3 27 4
3 4 28
3 11 17
3 4 19
3 6 39
3 1 20
3 17 0
3 24 16
3 17 37
3 7 15
3 14 9
3 8 20
3 24 11
3 5 41
3 29 15
3 3 14
4 19 9
4 2 0
4 32 13
4 28 22
4 29 22
4 6 13
4 4 13
4 22 21
4 20 23
4 6 1
4 32 6
4 9 15
4 14 25
4 9 19
4 6 27
4 28 8
4 41 6
4 8 9
4 33 33
4 26 13
4 4 39
4 23 31
4 2 35
4 11 28
4 18 29
4 39 9
4 37 32
4 18 36
4 10 6
4 11 29
5 16 12
5 38 19
5 38 4
5 26 12
6 39 5
6 1 7
6 13 22
6 22 26
6 40 29
6 19 31
6 5 36
6 14 25
6 2 40
6 25 2
6 7 2
6 27 38
7 10 15
7 34 40
7 16 18
7 37 16
7 4 2
8 25 17
8 8 39
8 22 19
8 28 16
8 26 10
8 27 35
9 5 32
9 3 12
9 32 36
9 37 11
9 0 31
9 31 22
9 28 36
9 2 2
9 19 41
9 40 0
10 28 27
10 22 23
10 7 23
10 13 39
10 35 7
10 33 30
10 14 34
10 25 12
10 33 7
10 4 41
10 18 40
10 27 39
10 41 25
10 3 32
10 18 5
10 35 4
10 12 36
10 29 12
10 8 4
10 0 15
10 36 2
11 7 29
11 21 3
11 31 23
11 20 20
11 34 39
11 29 33
11 3 2
11 31 20
11 19 28
11 5 40
11 36 20
11 8 4
11 16 19
11 32 6
11 17 10
11 28 9
11 16 10
11 21 19
11 3 5
11 23 4
11 33 9
11 1 32
11 15 28
11 36 24
11 33 32
11 28 32
11 1 35
11 7 6
11 1 14
11 34 1
11 40 35
11 19 28
11 3 40
11 28 30
11 1 7
12 26 32
12 9 10
12 9 33
12 14 5
12 16 40
12 0 25
12 18 37
12 20 6
12 25 5
12 24 15
12 37 22
12 25 28
12 4 0
12 18 16
12 40 30
12 7 40
12 10 21
12 38 28
12 28 4
12 6 25
12 10 37
12 21 14
12 25 16
12 37 24
12 7 4
12 25 0
12 29 36
12 7 10
12 13 38
13 0 22
13 39 32
13 17 1
13 8 18
13 12 24
13 31 19
13 20 20
13 1 35
13 37 24
13 20 2
13 16 15
13 29 32
13 20 23
13 38 12
13 17 33
13 4 21
13 40 29
13 18 8
13 3 34
13 32 29
13 20 17
14 35 41
14 22 37
14 30 32
14 30 24
14 11 16
14 15 27
14 23 24
14 37 26
14 1 26
14 6 23
14 31 37
14 16 20
14 7 17
14 0 24
14 32 32
14 31 35
14 9 41
14 8 2
14 36 28
15 22 2
15 1 9
15 11 35
15 37 4
15 7 8
15 29 14
15 4 18
15 4 12
15 9 3
15 31 38
15 7 17
15 23 12
15 7 37
15 0 35
15 1 9
15 34 27
15 35 6
15 35 14
15 18 1
15 1 19
15 34 18
15 27 0
15 16 18
15 6 10
15 3 11
15 10 6
16 37 3
16 16 1
16 41 21
16 29 21
16 7 37
17 10 17
17 11 10
17 34 5
17 35 29
17 40 13
17 28 38
17 26 4
17 32 27
17 36 8
17 35 10
17 0 1
17 36 23
17 0 40
17 14 30
17 22 31
17 20 36
17 16 38
17 23 34
18 11 38
18 2 35
18 20 29
18 5 34
18 16 9
18 35 14
18 1 30
18 0 15
18 15 26
18 26 17
18 28 14
19 22 37
19 16 35
19 21 27
19 1 9
19 8 28
19 13 27
19 17 26
19 18 12
19 28 40
19 11 11
19 10 0
19 2 7
19 15 13
19 9 7
19 12 23
19 9 39
19 8 10
19 4 6
19 1 14
19 37 8
19 34 2
19 9 11
19 28 5
19 37 21
19 10 10
19 37 26
19 41 17
19 8 35
19 18 5
19 7 5
19 12 22
19 27 27
19 21 15
20 9 13
20 16 13
20 27 21
20 38 4
20 30 31
20 21 29
20 35 24
20 25 7
20 10 12
20 20 5
20 37 17
20 10 37
20 9 39
20 24 40
20 15 41
20 0 33
20 26 25
20 8 18
20 29 41
20 32 25
20 18 31
20 27 22
20 13 41
20 39 31
20 2 24
20 11 23
20 21 20
20 29 13
20 21 2
20 9 20
20 24 6
21 0 1
21 0 7
21 39 9
21 41 18
21 1 36
21 39 39
21 14 2
21 15 33
21 18 7
21 30 28
21 40 12
21 17 39
21 35 0
21 21 31
21 11 3
21 40 5
21 16 26
21 11 19
22 39 40
22 0 36
22 23 22
22 40 41
22 3 25
22 30 36
22 27 7
22 10 11
22 40 8
22 7 11
22 6 10
22 7 40
22 33 6
23 25 37
23 38 0
23 2 14
23 5 35
23 1 25
23 36 36
23 20 9
23 18 36
23 9 9
23 23 37
23 15 23
23 22 4
23 29 23
23 9 7
23 20 8
23 25 26
23 29 3
23 13 15
23 9 18
23 29 34
23 10 36
23 35 0
23 35 24
23 35 14
23 24 38
23 20 37
23 40 10
23 11 33
23 13 6
23 19 36
23 39 10
23 21 7
23 33 37
23 8 27
23 18 1
23 11 17
23 1 34
23 2 34
23 41 39
24 1 41
24 8 20
24 4 13
24 25 10
24 11 26
24 22 28
24 12 41
24 10 9
24 11 35
24 38 20
24 22 6
24 31 41
24 7 7
24 18 13
24 37 1
24 2 35
24 29 34
24 9 27
24 36 21
24 1 33
24 22 20
24 20 17
24 8 6
24 6 20
24 15 19
24 30 8
25 24 22
25 8 20
25 10 12
25 20 14
25 38 33
25 24 14
26 8 12
26 29 27
26 5 18
26 9 29
26 14 40
26 0 26
26 8 16
26 11 17
26 21 0
26 8 18
26 10 19
26 0 10
27 18 33
27 7 27
27 25 36
27 33 34
27 29 6
27 30 11
27 33 39
27 27 3
27 11 37
27 25 37
27 26 10
27 29 24
27 24 15
27 38 40
27 6 9
27 29 9
27 6 12
27 23 0
27 29 10
27 0 38
27 9 21
27 29 35
27 1 36
27 16 25
27 19 2
27 20 1
27 40 30
27 37 14
27 2 23
27 7 36
27 37 15
27 30 14
27 7 3
27 18 10
27 24 28
27 31 34
28 6 22
28 29 28
28 29 0
28 35 10
28 34 10
28 39 34
28 1 0
28 37 35
28 16 41
28 9 2
28 30 24
28 36 29
28 11 0
28 14 5
28 32 25
28 0 37
28 24 18
29 8 16
29 10 11
29 31 12
29 11 40
29 37 20
29 24 23
29 32 40
29 24 41
29 21 15
29 0 9
29 22 6
29 6 36
29 33 27
29 34 12
29 14 13
29 10 32
29 5 5
29 37 32
29 32 22
29 22 1
29 23 22
29 39 2
29 14 18
29 26 29
29 40 33
29 14 14
29 19 29
29 20 11
29 12 39
29 28 28
29 31 15
29 8 40
29 40 8
30 10 10
30 19 28
30 4 30
30 11 7
30 39 10
30 6 17
30 2 17
30 9 11
30 2 34
30 4 36
30 4 36
30 30 33
30 28 18
30 20 29
30 5 13
30 7 3
30 21 36
30 38 11
30 16 38
30 33 33
30 27 34
30 12 32
30 12 16
30 40 21
31 25 15
31 24 16
31 15 15
31 28 30
31 13 19
31 21 13
31 40 23
31 40 4
31 23 7
31 28 10
31 4 6
31 4 27
31 0 28
31 31 25
31 5 7
31 9 25
31 38 37
31 22 24
31 16 23
31 4 37
31 24 19
31 38 13
31 26 35
31 18 5
31 33 32
31 24 31
31 36 35
31 15 39
31 5 1
31 27 11
31 5 6
32 19 11
32 30 24
32 34 1
32 25 19
32 28 41
32 7 14
32 22 2
32 3 8
32 8 24
32 38 33
32 0 40
32 32 15
32 9 7
32 24 10
32 3 5
32 31 27
33 41 9
33 17 28
33 38 26
33 1 10
33 36 17
33 13 14
33 30 29
33 17 3
33 27 16
33 4 36
34 22 18
34 37 3
34 12 12
34 31 10
34 16 33
34 16 28
35 8 21
35 6 38
35 9 6
35 23 5
35 11 3
35 24 2
35 17 4
35 26 11
35 33 20
35 40 37
35 14 32
35 36 23
35 1 26
35 6 3
35 17 1
35 29 11
35 7 40
35 7 25
35 11 34
35 37 26
35 19 4
35 7 33
35 20 10
35 8 40
35 9 16
35 1 33
36 24 24
36 32 20
36 23 22
36 5 32
36 12 34
36 5 23
36 20 27
36 29 3
36 2 5
36 33 16
36 1 26
36 17 38
36 39 30
36 30 14
36 36 26
36 23 25
36 5 26
36 40 22
36 32 24
36 2 11
36 7 8
37 39 6
37 37 7
37 37 19
37 27 15
37 27 15
37 13 29
37 34 21
37 20 18
37 20 0
37 3 24
37 9 24
37 2 21
37 41 12
37 31 13
37 35 37
37 26 6
37 0 9
37 38 1
37 26 7
38 7 28
38 17 41
38 38 38
38 0 28
38 30 34
38 8 9
38 28 19
38 26 2
38 0 41
38 3 20
38 40 11
39 23 28
39 8 12
39 21 24
39 31 10
39 35 22
39 6 6
39 18 33
39 27 25
39 5 36
39 36 27
39 18 22
39 17 25
39 39 23
39 11 5
39 21 3
39 17 32
39 32 33
39 20 25
39 10 16
39 15 22
39 7 26
39 29 7
39 15 33
39 37 32
39 16 5
40 10 22
40 33 34
40 28 11
40 6 16
40 25 3
40 18 6
40 5 13
40 4 25
40 16 9
40 16 36
40 2 4
40 39 11
40 35 7
40 27 37
40 37 27
40 33 35
40 23 29
40 29 33
40 26 25
40 24 11
40 19 9
40 25 9
40 16 16
40 1 16
40 36 20
40 14 19
40 18 18
40 29 37
40 21 13
40 18 8
40 21 35
40 0 19
40 9 37
