Število vozlišè     | Število povezav     | BF v [s]                                
-----------------------------------------------------------------
1000                | 5412                | 0.010768300000000008                    
11000               | 60550               | 0.161574                                
21000               | 115212              | 0.3061627                               
31000               | 170494              | 0.5120219000000001                      
41000               | 225596              | 0.7192758999999995                      
51000               | 281533              | 0.8364143999999998                      
61000               | 335586              | 1.051975500000001                       
71000               | 391308              | 1.1243206000000008                      
81000               | 446229              | 1.5328084000000004                      
91000               | 500635              | 1.755828300000001                       
101000              | 555802              | 2.1916499000000016                      
111000              | 610846              | 2.781565299999997                       
121000              | 665346              | 2.8737071999999984                      
131000              | 721540              | 3.004609000000002                       
141000              | 773893              | 3.4555712000000014                      
151000              | 830135              | 4.0407273                               
161000              | 886925              | 4.415689600000007                       
171000              | 939635              | 2.9258674999999954                      
181000              | 994689              | 3.4409259999999904                      
191000              | 1049750             | 3.6721471000000037                      
