0 50 6
0 24 9
0 36 10
0 49 3
0 9 5
0 14 9
0 20 9
0 40 6
0 10 1
0 20 2
0 28 9
0 13 2
0 38 3
0 18 7
0 4 6
0 31 1
0 13 6
0 30 10
0 35 8
0 32 7
0 3 3
0 46 4
0 2 5
0 15 4
0 45 3
0 28 7
0 25 2
0 48 4
0 21 6
0 40 3
0 5 3
0 40 4
0 49 6
0 34 9
0 21 7
0 20 8
0 34 8
1 37 5
1 18 3
1 41 10
1 33 10
1 30 9
1 6 3
1 49 4
1 10 6
1 35 10
1 43 8
1 25 9
1 36 5
1 7 8
1 11 3
1 25 9
1 36 5
1 24 10
1 25 6
1 46 7
1 49 1
1 2 2
1 42 9
1 23 4
1 45 7
1 21 2
1 13 2
1 6 1
1 41 2
1 13 5
1 6 5
1 12 6
1 35 1
1 27 6
1 42 8
1 31 7
1 34 7
1 39 6
1 30 10
1 43 9
1 13 8
1 0 10
1 49 8
1 8 9
2 20 3
2 38 1
2 13 9
2 36 4
2 13 2
2 9 10
2 29 3
2 34 6
2 2 8
2 42 4
2 45 10
2 19 4
2 25 9
2 36 4
2 27 8
2 9 8
2 21 2
2 39 5
2 42 8
2 25 3
2 8 7
2 27 5
2 41 5
2 17 2
2 11 9
2 3 1
2 28 5
2 7 9
2 4 9
2 10 5
2 23 6
2 21 1
2 45 7
2 23 7
2 19 7
2 42 6
2 36 4
2 41 8
3 16 10
3 20 8
3 36 2
3 24 2
3 6 3
3 22 5
3 20 3
3 23 3
3 3 9
3 7 9
3 30 6
3 50 3
3 50 8
3 8 8
3 30 4
3 50 3
3 11 3
3 42 2
3 34 9
3 20 5
3 25 4
3 19 1
3 1 1
3 16 6
3 0 10
3 39 10
4 13 4
4 10 6
4 7 3
4 1 8
4 5 10
4 40 5
4 37 10
4 29 1
4 29 8
4 45 6
4 6 8
4 16 3
4 12 9
4 24 3
4 21 5
4 32 8
4 10 10
4 17 5
4 26 3
4 43 3
4 13 4
4 1 8
4 23 5
4 39 8
4 48 1
4 6 4
4 33 5
4 45 5
4 4 5
4 26 4
4 28 6
4 38 1
4 12 3
4 5 6
4 27 5
4 34 5
4 21 7
5 42 4
5 10 3
5 42 2
5 42 6
5 38 10
5 13 2
5 15 6
6 45 10
6 18 10
6 10 1
6 18 9
6 40 9
6 16 4
6 12 10
6 26 6
6 42 3
6 18 7
6 32 9
6 14 1
6 34 7
6 27 5
6 4 2
6 7 7
6 7 2
6 23 7
6 23 8
6 48 7
6 6 4
6 21 3
6 38 1
6 36 10
6 2 7
6 4 1
6 38 5
6 43 8
6 5 4
6 9 8
6 9 4
6 11 8
6 49 9
6 50 5
6 16 10
6 5 6
6 40 5
7 14 3
7 41 6
7 2 8
7 14 1
7 47 2
7 46 6
7 46 4
7 35 2
7 7 4
7 19 10
7 10 5
7 49 6
7 36 10
7 17 10
7 3 5
7 42 10
7 1 8
7 0 8
7 35 3
7 1 5
7 21 6
7 12 10
7 40 8
7 5 8
7 34 1
7 14 9
7 17 3
7 6 7
7 38 8
7 20 5
8 40 2
8 8 9
8 37 9
8 37 10
8 36 4
8 30 7
8 44 4
8 28 6
8 6 6
9 49 1
9 42 5
9 49 7
9 13 7
9 2 5
9 1 8
9 28 10
9 13 2
9 42 6
9 28 10
9 0 2
9 35 7
9 44 8
9 5 6
9 9 7
9 48 10
9 49 7
9 2 7
9 35 5
9 24 1
9 6 10
9 9 9
9 41 3
9 30 9
9 17 6
9 17 5
9 33 3
9 13 9
9 4 4
9 39 10
9 29 7
9 22 1
9 39 4
9 7 3
9 17 9
9 14 7
9 39 10
9 21 9
9 45 2
9 14 5
9 40 4
9 25 3
10 32 9
10 45 6
10 35 10
10 17 7
10 46 9
10 15 8
10 30 3
10 43 5
10 46 9
10 25 6
10 9 5
10 28 1
10 26 2
10 35 3
10 18 1
10 4 7
10 47 6
10 35 1
10 43 3
10 44 4
10 5 10
10 10 1
10 36 2
10 46 5
10 39 1
10 11 7
10 6 10
10 35 2
11 5 9
11 40 7
11 10 8
11 10 6
11 41 2
11 21 2
11 25 3
11 48 8
11 44 10
11 19 8
11 32 6
11 19 5
11 44 3
11 24 1
11 29 9
11 8 7
11 12 8
11 46 2
11 22 7
11 24 7
11 1 6
11 50 3
11 5 5
11 19 2
11 12 7
11 1 8
11 40 9
11 8 10
11 18 3
11 43 1
11 5 2
12 0 2
12 19 10
12 11 2
12 21 1
12 43 9
12 24 8
12 6 6
12 7 8
12 8 10
12 7 9
13 28 3
13 7 9
13 47 10
13 31 6
13 35 3
13 27 1
13 3 8
13 23 1
13 46 5
13 13 10
13 32 4
13 42 7
13 6 8
13 46 2
13 33 10
13 44 4
13 31 6
13 48 1
13 26 10
13 4 3
13 28 2
13 25 1
13 37 1
13 14 2
13 10 1
13 32 3
13 18 3
13 45 7
13 21 10
13 29 10
13 50 10
14 49 10
14 19 7
14 23 2
14 9 4
14 17 5
14 9 2
14 28 5
14 36 10
14 26 3
14 22 4
14 43 4
14 37 6
14 27 4
14 20 3
14 5 5
14 6 2
14 7 10
14 4 6
14 34 6
14 19 8
14 46 9
14 20 4
14 17 4
14 5 4
14 19 5
14 5 1
14 15 6
14 8 6
14 36 7
14 46 10
14 2 1
14 42 9
14 31 2
14 11 10
14 0 1
14 46 4
14 14 10
14 15 3
14 45 2
14 6 10
15 50 7
15 34 5
15 11 5
15 21 7
15 0 5
15 18 2
15 46 5
15 4 10
15 14 7
15 5 5
15 0 2
15 12 8
15 45 6
15 7 8
15 21 4
15 33 3
15 37 6
15 41 7
15 43 4
15 32 4
15 14 5
15 23 2
15 12 9
15 38 5
15 30 8
15 48 3
15 35 9
15 47 7
15 1 1
15 32 9
15 38 8
15 43 8
15 33 9
15 23 3
15 8 2
15 49 9
15 21 3
15 16 4
15 35 8
15 46 5
15 22 2
15 19 7
16 14 1
16 18 10
16 27 5
16 46 10
16 7 3
16 17 4
16 6 9
16 28 1
16 34 6
16 9 3
16 15 8
16 38 5
16 36 4
16 37 9
16 41 2
16 44 2
16 13 8
16 46 9
16 27 2
17 37 1
17 5 3
17 27 9
17 45 10
17 6 10
18 38 1
18 6 10
18 22 1
18 14 8
18 19 10
18 36 7
18 10 6
18 15 9
18 50 1
18 28 7
19 46 9
19 13 8
19 25 8
19 20 5
19 35 2
19 38 5
19 18 4
19 19 8
19 40 6
19 27 1
19 3 9
19 0 1
19 45 2
19 24 2
19 26 3
19 2 9
19 39 9
19 6 1
19 26 5
19 37 6
19 20 9
19 29 6
19 27 8
19 28 7
19 34 8
19 1 4
19 11 9
19 40 8
19 33 6
19 1 10
19 19 2
19 42 10
19 42 5
19 18 7
19 31 1
19 45 9
19 14 2
19 11 10
19 19 4
19 8 8
19 45 4
19 41 6
19 11 6
19 5 7
19 41 1
19 5 1
19 45 7
19 10 8
19 23 4
19 29 3
20 4 7
20 22 8
20 47 10
20 21 8
20 11 6
20 2 10
20 15 10
20 30 7
20 15 2
20 47 7
20 21 10
20 36 8
20 14 8
20 33 8
20 8 1
20 45 9
20 26 9
20 3 7
20 41 9
20 17 6
20 5 2
20 29 6
20 34 8
20 40 2
20 50 10
20 49 9
20 24 5
20 44 7
20 18 7
20 8 8
20 16 10
20 45 9
20 38 4
20 6 1
20 11 4
20 6 10
20 20 6
20 19 5
20 36 4
21 32 9
21 47 10
21 14 2
21 8 7
21 44 9
21 5 6
21 33 5
21 11 2
21 18 10
21 47 8
21 18 10
22 19 2
22 11 8
22 32 2
22 14 7
22 6 7
22 7 1
22 46 6
22 7 5
22 4 6
22 20 5
23 40 10
23 18 5
23 49 5
23 24 1
23 41 10
23 0 5
23 6 3
23 9 1
23 21 6
23 20 6
23 40 8
23 44 10
23 23 3
23 41 4
23 49 1
23 33 10
23 19 1
23 7 9
23 20 10
23 45 4
23 25 7
23 23 6
23 46 10
23 19 7
23 2 7
23 4 9
23 2 8
23 31 5
23 4 9
23 36 9
23 36 7
23 40 1
23 40 10
23 28 10
23 32 3
23 27 1
23 16 10
23 23 3
23 23 10
23 29 4
23 18 10
23 9 3
23 21 10
23 48 1
24 24 6
24 4 5
24 7 9
24 34 8
24 24 2
24 43 5
24 27 10
24 34 1
24 13 10
24 28 5
24 12 9
24 4 3
24 37 6
24 41 8
24 33 10
24 33 5
24 42 2
24 24 2
24 0 10
24 46 7
24 4 9
24 16 10
24 27 9
24 35 8
24 28 7
24 8 6
24 41 1
24 7 4
24 32 1
24 40 6
24 40 10
24 45 6
24 32 10
24 30 2
24 40 7
24 44 7
24 49 5
24 44 10
24 19 9
24 3 10
24 22 3
24 34 4
24 22 2
24 37 8
24 22 2
25 4 10
25 8 5
26 3 7
26 29 4
26 11 4
26 30 6
26 8 6
26 9 1
26 9 4
26 6 7
26 11 3
26 48 5
26 8 2
26 48 1
26 26 1
26 18 6
26 33 8
26 36 6
26 36 7
26 43 8
26 36 5
26 31 5
26 2 9
26 21 10
26 19 1
26 15 6
26 31 10
26 38 5
26 28 1
26 36 6
26 5 10
26 36 8
26 9 5
26 4 9
26 9 10
26 42 10
26 49 9
26 1 10
26 12 6
26 16 3
26 3 3
26 11 2
26 22 8
26 45 9
26 10 9
26 50 10
27 39 2
27 27 8
27 30 5
27 37 5
27 17 1
27 45 1
27 18 5
27 38 2
27 29 8
27 29 2
27 49 6
27 41 6
27 39 8
27 9 2
27 23 2
27 10 4
27 49 9
27 33 9
27 22 2
27 1 3
27 22 4
27 15 6
27 8 8
27 3 3
27 15 2
27 31 1
27 8 9
27 14 5
27 18 1
27 46 10
27 47 6
28 22 5
28 26 3
28 14 3
28 43 1
28 8 3
28 33 9
28 24 6
28 17 6
28 14 4
28 31 6
28 46 5
28 45 9
28 30 5
28 40 4
28 6 7
28 24 9
28 33 7
28 2 3
28 1 7
28 8 8
28 22 3
28 25 9
28 47 4
28 38 6
28 41 10
28 43 9
28 36 5
29 48 3
29 20 4
29 20 1
29 14 8
29 9 2
29 38 5
29 20 5
29 21 7
29 49 7
29 20 2
29 9 7
29 50 4
29 48 3
29 2 2
29 33 4
29 49 4
29 10 3
29 16 2
29 45 9
29 47 5
29 28 9
29 23 2
29 41 3
29 44 1
29 25 5
29 44 8
29 39 2
29 22 2
29 45 10
30 29 5
30 40 2
30 3 4
30 5 1
30 25 9
30 32 8
30 27 9
30 49 3
30 13 4
30 25 8
30 40 6
30 31 5
30 3 4
30 6 5
30 2 7
30 47 5
30 4 10
30 43 9
30 27 6
30 8 5
30 37 10
30 21 1
30 41 8
30 39 8
30 29 4
30 29 9
30 25 1
30 36 3
30 21 5
30 49 6
30 26 9
31 32 7
31 3 5
31 25 9
31 48 10
32 24 5
32 9 8
32 27 4
32 30 4
32 7 4
32 33 8
32 20 9
33 29 3
33 23 4
33 49 2
33 7 3
33 29 8
33 5 5
33 32 6
33 35 5
33 31 3
33 46 5
33 28 6
33 15 3
33 21 10
33 40 3
33 4 4
33 7 5
33 27 5
33 16 9
33 20 5
34 19 10
34 47 10
34 48 7
34 24 7
34 41 6
34 12 7
34 34 10
34 13 4
34 16 5
34 6 4
34 3 8
34 0 10
34 23 3
34 33 2
34 12 9
34 7 4
34 32 5
35 22 4
35 27 5
35 50 2
35 19 5
35 19 7
35 3 5
35 10 7
35 49 3
35 35 3
35 29 10
35 15 1
35 25 1
35 9 10
35 26 7
35 37 3
35 23 9
35 3 10
35 16 3
35 41 2
35 6 7
35 49 4
35 24 3
35 6 1
35 10 7
35 2 7
35 23 7
35 24 3
35 45 10
35 13 4
36 19 4
36 3 6
36 26 1
36 45 1
36 2 4
36 35 7
36 4 5
36 4 1
36 47 2
36 44 10
36 27 8
36 3 6
36 33 9
36 25 7
36 9 4
36 11 7
36 10 5
36 12 2
36 15 4
36 47 8
36 34 8
36 48 3
36 18 1
36 49 9
36 27 4
36 33 7
36 8 2
36 28 9
36 23 5
36 31 1
36 34 4
37 32 6
37 42 9
37 13 5
37 47 2
37 8 2
37 16 2
37 47 10
37 19 7
38 46 10
38 31 4
38 34 3
38 44 7
38 41 5
38 38 1
38 36 7
38 1 1
38 0 5
38 14 4
38 26 1
38 32 4
38 2 4
38 18 1
38 25 9
38 21 9
38 24 6
38 40 4
38 10 3
39 46 4
39 16 4
39 11 2
39 44 8
39 43 3
39 34 6
39 50 8
39 29 10
39 29 2
39 19 9
39 40 2
39 17 2
39 31 1
39 11 4
39 29 8
39 46 10
39 6 7
39 14 8
39 7 10
39 3 3
39 48 10
39 8 8
39 23 2
39 20 1
39 26 5
39 24 5
39 31 10
39 46 10
39 2 2
39 45 2
39 31 4
39 44 10
39 32 7
39 41 10
39 27 9
40 10 3
40 15 7
40 49 3
40 0 3
40 6 6
40 22 7
40 30 7
40 1 9
40 1 10
40 24 2
40 47 9
40 32 8
40 27 4
40 31 8
40 3 4
40 42 4
40 11 2
40 41 2
40 35 5
40 26 9
40 23 9
40 17 8
40 9 3
40 29 9
40 41 3
40 14 4
40 22 7
40 9 6
40 11 2
40 24 6
40 0 3
40 19 8
40 41 4
40 19 4
41 26 4
41 17 6
41 23 10
41 35 6
41 37 7
41 33 1
41 32 4
41 1 9
41 30 5
41 41 7
41 3 3
41 11 8
41 45 3
41 34 1
41 1 8
41 41 9
41 0 3
41 42 1
41 28 3
41 38 7
42 4 5
42 33 2
42 40 6
42 37 10
42 7 10
42 48 8
42 25 10
42 11 1
42 19 7
42 43 4
42 6 10
42 36 6
42 1 7
42 10 3
42 4 3
42 44 6
42 48 8
42 8 7
42 30 2
42 32 3
42 26 2
42 0 5
42 39 5
42 6 7
42 39 10
42 0 8
42 1 9
42 30 3
42 36 2
42 8 1
42 15 4
42 39 9
42 38 6
42 11 6
42 3 10
42 12 9
42 49 4
43 7 8
43 50 6
43 49 6
43 35 1
43 27 9
43 39 10
43 10 6
43 21 6
44 27 3
44 22 7
44 47 6
45 50 9
45 48 1
45 26 9
45 37 10
45 7 9
45 47 6
45 14 7
45 1 7
45 30 10
45 15 7
45 20 7
45 43 7
45 8 8
45 15 8
45 49 6
45 3 1
45 7 1
45 2 2
45 1 2
45 41 4
45 37 2
46 26 4
46 35 10
46 25 7
46 49 6
46 36 6
46 36 7
46 21 8
46 4 3
46 47 3
46 48 3
46 16 1
46 18 1
46 6 1
46 4 4
46 6 10
46 21 10
46 45 9
46 36 2
46 4 8
46 10 3
46 4 2
46 20 4
46 45 10
47 24 8
47 26 8
47 0 7
47 49 6
47 11 2
47 39 7
47 11 4
47 8 7
47 31 5
47 31 5
47 15 7
47 24 3
47 30 1
47 44 5
47 24 2
47 44 9
47 19 3
47 39 9
47 9 6
47 19 6
47 22 8
48 4 3
48 39 7
48 23 4
48 36 4
48 39 9
48 32 8
48 35 1
48 5 9
48 13 3
48 42 9
48 15 9
48 20 10
48 50 8
48 44 1
48 24 3
48 44 10
48 44 2
48 19 10
48 35 3
48 24 8
48 40 10
48 14 2
48 22 7
48 15 6
48 32 9
48 45 7
48 1 5
48 38 10
48 36 10
48 28 10
48 26 8
48 5 2
48 38 2
48 14 2
48 22 8
49 33 6
49 4 2
49 2 8
49 24 7
49 48 5
49 13 1
49 25 7
49 21 6
49 12 4
49 24 6
49 5 8
49 34 4
49 27 4
49 48 2
49 34 7
49 6 9
49 2 3
49 21 6
49 38 7
49 13 4
49 41 7
49 46 2
49 42 8
49 14 6
49 10 4
49 37 7
49 16 7
49 14 6
49 13 7
49 17 7
49 25 9
49 33 1
