0 12 7
0 18 3
0 21 8
0 24 8
0 26 4
0 28 10
0 30 6
0 37 1
0 38 7
0 39 8
0 40 3
0 41 3
0 42 9
1 0 10
1 4 7
1 7 9
1 9 7
1 10 4
1 34 3
1 35 7
1 42 5
1 47 1
2 5 8
2 6 5
2 8 5
2 14 6
2 30 5
2 36 8
2 37 2
2 38 3
2 45 2
3 6 1
3 8 10
3 19 2
3 20 5
3 22 10
3 23 9
3 28 2
3 29 4
3 33 10
3 38 5
3 39 1
3 46 9
3 49 1
4 7 9
4 8 2
4 10 7
4 12 2
4 13 4
4 17 3
4 31 10
4 32 10
4 35 1
4 38 1
4 49 9
5 1 7
5 2 4
5 3 1
5 4 5
5 9 10
5 11 5
5 14 9
5 24 7
5 32 10
5 38 9
5 42 7
5 45 5
5 46 1
5 47 9
6 10 3
6 20 6
6 24 2
6 25 7
6 32 8
6 38 1
7 2 8
7 3 1
7 4 5
7 10 6
7 15 9
7 19 4
7 20 10
7 26 7
7 36 7
7 47 6
7 48 10
7 49 7
8 9 2
8 10 3
8 11 7
8 14 10
8 16 8
8 20 7
8 28 8
8 36 1
8 37 3
8 39 6
8 41 4
8 42 8
8 43 4
8 47 10
8 48 8
9 12 5
9 16 1
9 20 10
9 22 6
9 29 8
9 35 5
9 36 1
9 37 7
9 39 9
9 44 5
10 1 10
10 6 2
10 21 6
10 44 9
11 0 5
11 6 9
11 10 10
11 19 10
11 26 9
11 31 8
11 37 7
11 43 4
11 44 6
12 7 9
12 9 10
12 15 4
12 24 7
12 28 7
12 34 3
12 46 1
13 5 1
13 6 10
13 7 1
13 11 7
13 21 5
13 25 4
13 26 3
13 35 8
13 37 3
13 41 8
13 42 4
13 48 3
14 15 7
14 18 8
14 22 9
14 27 6
14 33 3
14 45 4
14 48 5
15 3 1
15 8 4
15 13 4
15 20 1
15 21 10
15 24 3
15 32 1
15 33 5
16 1 1
16 9 10
16 13 5
16 25 3
16 27 5
16 38 5
16 41 10
16 48 1
17 0 1
17 3 8
17 8 3
17 10 10
17 14 10
17 19 4
17 23 9
17 33 9
17 34 3
17 39 2
17 40 10
17 47 4
17 48 9
18 2 7
18 10 8
18 12 10
18 15 1
18 16 6
18 22 7
18 24 4
18 27 7
18 42 8
19 1 6
19 4 4
19 9 7
19 16 6
19 27 9
19 34 4
19 39 5
20 6 7
20 7 10
20 10 10
20 11 6
20 13 4
20 15 9
20 18 9
20 25 10
20 30 2
20 39 9
21 0 5
21 16 3
21 19 9
21 25 2
21 26 9
21 29 9
21 33 4
21 43 7
21 44 4
22 4 3
22 19 7
22 20 8
22 21 6
22 26 4
22 27 9
22 32 3
22 34 2
22 36 4
22 38 6
22 39 6
22 43 7
22 49 1
23 5 9
23 6 8
23 7 3
23 9 6
23 11 5
23 27 10
23 28 9
23 31 7
23 33 7
23 36 1
23 44 4
24 2 6
24 3 9
24 8 7
24 25 5
24 31 8
24 32 10
24 39 3
24 40 1
24 41 5
24 45 4
24 46 10
25 15 5
25 19 3
25 29 6
25 31 1
25 32 5
25 35 7
25 40 4
26 8 6
26 10 1
26 24 4
26 25 7
26 29 6
26 38 9
26 39 8
26 41 2
26 46 6
27 1 1
27 10 1
27 17 3
27 19 7
27 21 2
27 23 10
27 34 2
27 36 1
27 37 3
28 3 1
28 5 6
28 8 9
28 23 8
28 40 4
28 43 4
29 2 3
29 3 7
29 14 7
29 19 10
29 22 6
29 30 9
29 33 5
29 34 10
29 35 5
29 41 6
29 45 5
29 46 5
30 5 6
30 6 4
30 13 5
30 16 2
30 19 1
30 38 10
30 40 10
30 43 3
30 47 4
31 2 4
31 4 5
31 8 9
31 14 6
31 15 3
31 16 5
31 17 2
31 18 3
31 26 1
31 37 1
31 38 3
31 42 10
31 44 5
31 48 8
32 8 10
32 10 3
32 11 10
32 18 5
32 19 2
32 25 1
32 27 5
32 34 9
32 38 2
32 44 6
32 49 10
33 4 6
33 5 1
33 6 5
33 11 2
33 14 1
33 15 7
33 18 3
33 20 4
33 25 6
33 28 1
33 31 2
33 35 10
33 38 3
33 46 1
33 48 4
34 0 4
34 12 4
34 20 2
34 29 6
34 32 5
34 38 6
35 3 8
35 11 10
35 21 2
35 29 10
35 44 9
35 46 5
35 48 5
35 49 6
36 0 8
36 5 10
36 8 10
36 16 7
36 17 5
36 22 4
36 27 7
36 31 6
36 37 6
36 38 2
36 42 7
36 47 5
37 2 10
37 13 2
37 16 6
37 17 9
37 21 5
37 22 5
37 29 4
37 33 8
37 38 2
37 41 10
37 47 6
38 3 9
38 4 4
38 5 6
38 6 7
38 8 3
38 10 5
38 12 1
38 18 10
38 21 7
38 33 7
38 41 9
38 49 5
39 0 6
39 5 3
39 15 6
39 17 1
39 18 4
39 24 8
39 27 1
39 38 10
39 43 8
40 0 1
40 9 10
40 11 10
40 18 5
40 20 10
40 30 7
40 46 5
41 5 7
41 10 2
41 12 8
41 13 6
41 15 9
41 21 8
41 23 3
41 28 3
41 30 1
41 36 6
41 40 1
41 42 10
42 3 5
42 6 9
42 9 2
42 10 8
42 13 10
42 15 10
42 18 4
42 20 3
42 24 7
42 47 1
43 8 7
43 14 4
43 19 8
43 20 6
43 28 4
43 39 9
43 42 5
43 44 10
43 45 2
43 49 10
44 9 5
44 11 3
44 13 6
44 16 4
44 18 6
44 22 8
44 23 9
44 29 2
44 32 6
44 34 2
44 45 6
45 0 3
45 16 7
45 17 7
45 21 6
45 25 3
45 28 9
45 39 6
45 43 7
46 0 1
46 9 1
46 15 8
46 21 3
46 25 1
46 28 3
46 29 7
46 41 10
46 42 3
46 43 6
47 6 5
47 9 4
47 15 7
47 19 3
47 22 2
47 28 7
47 30 1
47 32 6
47 34 9
47 38 7
47 39 3
47 42 4
47 45 6
47 46 8
48 1 2
48 2 1
48 3 10
48 14 6
48 19 5
48 23 10
48 27 3
48 29 7
48 33 2
48 35 3
48 40 3
48 43 4
48 44 1
49 1 8
49 5 6
49 6 2
49 16 6
49 18 8
49 19 9
49 20 5
49 26 8
49 30 9
49 39 8
49 43 1
49 47 1
