
  Število vozlišč    |   Število povezav    |         BFS          |          BF         
------------------------------------------------------------------------------------------
       10,000        |        25,912        | 0.669371843338013 s  | 0.011795997619629 s 
       20,000        |        52,872        | 1.512787103652954 s  | 0.018655061721802 s 
       30,000        |        78,798        | 2.148370742797852 s  | 0.017992973327637 s 
       40,000        |       106,164        | 3.105643987655640 s  | 0.017467975616455 s 
       50,000        |       133,462        | 3.545947074890137 s  | 0.015364885330200 s 
       60,000        |       159,478        | 4.742698907852173 s  | 0.018986940383911 s 
       70,000        |       184,748        | 4.946924924850464 s  | 0.015753269195557 s 
       80,000        |       210,918        | 5.626384258270264 s  | 0.015390872955322 s 
       90,000        |       237,392        | 6.598526000976562 s  | 0.019452810287476 s 
      100,000        |       263,502        | 7.249297380447388 s  | 0.016283035278320 s 
      110,000        |       291,756        | 7.974936723709106 s  | 0.016077041625977 s 
      120,000        |       319,902        | 8.996721982955933 s  | 0.019891262054443 s 
      130,000        |       350,788        | 9.145325899124146 s  | 0.016537189483643 s 
      140,000        |       381,388        | 10.130579948425293 s | 0.017374992370605 s 
      150,000        |       407,324        | 10.480129957199097 s | 0.017095804214478 s 
      160,000        |       437,590        | 11.187725067138672 s | 0.016813993453979 s 
      170,000        |       466,724        | 11.966186046600342 s | 0.017155885696411 s 
      180,000        |       492,802        | 12.756745815277100 s | 0.016616821289062 s 
      190,000        |       519,462        | 13.530297040939331 s | 0.020640850067139 s 
      200,000        |       547,954        | 14.309242963790894 s | 0.020210981369019 s 
      210,000        |       573,338        | 14.803934812545776 s | 0.018018960952759 s 
      220,000        |       602,056        | 15.508226871490479 s | 0.017412900924683 s 
      230,000        |       629,530        | 16.185998916625977 s | 0.017298936843872 s 
      240,000        |       657,488        | 16.917481184005737 s | 0.019526243209839 s 
      250,000        |       685,656        | 18.838959217071533 s | 0.020553112030029 s 
      260,000        |       710,236        | 21.472808122634888 s | 0.021003007888794 s 
      270,000        |       737,418        | 20.172512769699097 s | 0.022570133209229 s 
      280,000        |       764,296        | 21.547931194305420 s | 0.019986152648926 s 
      290,000        |       790,668        | 22.135559797286987 s | 0.020457983016968 s 
      300,000        |       817,570        | 21.546687841415405 s | 0.023825883865356 s 
