62 208 10
186 188 2
298 47 9
54 91 2
192 209 4
281 195 3
120 101 3
230 196 2
276 38 8
271 155 3
46 159 8
190 208 7
260 146 4
71 24 2
51 148 10
41 43 3
148 211 10
213 20 7
3 27 9
26 185 7
93 51 6
164 237 3
200 136 4
62 248 5
45 101 8
179 144 5
155 46 7
147 35 7
240 52 5
27 293 9
167 215 8
252 106 10
253 32 4
141 109 6
43 0 5
185 63 10
169 59 4
289 209 7
92 217 2
273 152 4
140 93 7
253 161 5
200 146 8
146 187 6
100 155 6
286 100 6
204 117 2
149 174 8
56 115 4
150 125 7
52 193 2
50 266 7
51 217 6
274 137 9
40 90 7
236 203 6
293 152 10
203 130 2
220 1 10
145 152 2
8 202 5
148 248 6
101 165 5
261 253 3
162 146 7
245 31 3
196 210 8
19 18 7
156 31 8
116 130 4
224 176 8
114 144 4
275 244 8
236 47 5
87 23 7
94 273 9
102 204 9
153 298 9
239 27 8
256 285 3
215 151 8
6 140 6
163 152 4
91 270 5
130 283 3
93 129 5
143 119 5
166 16 5
115 220 6
11 243 2
119 57 9
282 73 8
112 126 5
264 89 2
171 33 9
67 160 3
74 110 6
39 47 5
94 203 4
22 238 2
136 73 2
19 153 10
264 256 4
8 93 6
42 147 4
140 201 7
268 230 5
57 282 2
15 42 7
76 271 3
184 34 2
30 26 7
88 188 2
116 94 5
98 254 6
267 286 4
176 223 2
4 14 7
188 283 5
153 110 9
217 0 6
296 44 10
263 269 6
242 118 8
182 20 5
23 107 2
202 235 6
239 257 8
129 134 3
31 65 3
0 226 5
15 168 9
146 239 2
93 172 8
286 273 10
196 45 4
205 300 7
300 136 8
28 196 6
90 193 7
296 138 10
217 201 10
153 33 4
163 221 6
199 149 10
50 292 3
39 257 6
165 58 10
215 138 3
204 101 7
273 129 9
191 50 3
163 239 6
283 154 10
226 67 8
87 54 9
235 55 2
279 176 3
62 200 4
216 185 3
109 160 8
266 264 10
83 4 3
3 272 5
297 166 3
221 238 9
104 82 7
214 251 9
49 147 2
72 120 8
169 213 7
48 175 2
95 295 9
80 219 4
253 72 2
159 190 2
229 134 4
118 168 8
144 83 7
251 180 2
136 41 5
28 54 4
220 217 2
253 179 3
243 68 10
106 191 8
251 84 9
114 247 5
245 214 6
264 120 3
0 89 6
32 281 5
189 175 2
126 24 6
203 128 8
266 183 6
249 136 9
33 226 7
149 166 7
176 11 4
53 38 6
63 143 8
196 73 8
158 60 10
108 127 3
46 110 10
83 260 6
177 80 9
133 59 4
0 254 5
11 261 9
72 231 6
20 208 5
132 224 4
236 184 4
217 190 8
274 40 6
156 14 4
119 181 9
299 141 3
246 298 7
35 111 8
189 3 4
62 285 6
218 161 3
20 33 9
168 144 4
230 235 10
290 261 3
122 212 4
241 67 2
97 142 5
113 120 5
288 200 2
126 189 3
288 154 4
2 202 9
105 184 6
1 10 10
195 246 9
276 288 2
21 35 7
51 285 3
180 67 6
178 261 2
99 108 6
66 196 8
231 292 7
119 1 9
156 42 3
124 168 9
173 5 9
284 152 7
92 120 3
214 196 9
113 8 3
81 102 9
297 251 2
243 283 3
126 294 8
189 100 2
102 123 2
97 128 7
178 263 4
269 170 10
23 196 5
58 207 4
73 292 7
80 175 7
189 124 5
182 191 10
192 1 8
228 11 3
35 288 6
281 216 6
255 27 8
64 97 4
286 155 10
264 74 9
143 101 9
16 216 8
53 198 2
203 51 6
298 162 4
207 150 5
193 138 9
98 156 4
97 231 8
17 89 9
182 292 7
183 6 3
275 154 10
199 213 10
22 295 3
197 85 2
165 201 3
118 104 8
242 57 2
103 207 2
87 92 6
196 58 2
209 134 10
30 81 6
15 215 4
95 263 6
85 251 5
131 188 7
120 65 3
31 235 5
181 135 8
106 50 10
78 135 6
247 69 10
137 30 6
47 183 5
134 91 9
143 23 4
134 186 6
45 171 7
134 286 9
116 246 4
158 247 4
134 140 2
143 161 5
10 60 10
283 73 5
5 29 6
101 110 2
92 285 7
185 96 2
7 280 4
16 244 6
36 85 9
66 218 3
114 29 10
94 15 5
242 265 7
242 37 7
192 216 2
28 225 6
16 93 5
60 275 2
219 157 2
42 137 2
95 150 8
34 254 8
151 83 5
137 110 8
250 99 5
111 46 8
268 261 5
114 292 3
17 253 6
121 40 7
272 68 6
3 5 7
244 251 6
139 170 4
294 173 8
229 273 10
12 256 5
256 63 3
219 206 10
165 219 8
132 90 5
294 105 4
278 255 6
53 277 5
279 94 7
20 205 2
15 155 9
280 220 7
232 2 8
14 87 8
31 219 9
203 201 10
227 48 2
167 290 7
33 99 3
259 189 10
273 215 5
287 21 4
225 98 9
175 52 4
253 53 5
107 31 9
259 281 8
206 10 4
119 36 10
22 119 4
96 118 9
177 175 5
181 217 7
285 113 8
43 126 3
177 212 7
110 43 5
66 120 6
63 169 2
281 126 7
73 274 8
64 5 4
94 34 8
115 270 2
54 256 5
130 37 2
250 106 2
156 15 7
299 117 7
13 247 5
96 124 3
140 54 9
78 270 3
64 101 10
291 121 6
212 40 6
1 172 8
181 147 4
213 296 2
165 176 5
77 137 10
5 281 9
251 21 2
164 74 5
220 191 3
40 210 9
289 161 6
79 63 4
86 230 9
231 9 9
5 104 7
300 168 6
248 165 9
185 53 10
68 214 10
243 55 5
143 76 7
221 50 4
93 297 8
32 73 4
281 8 7
298 93 2
107 108 4
255 158 5
90 223 6
171 170 8
50 234 2
130 255 5
107 193 3
236 300 10
199 116 4
53 137 5
108 13 5
289 103 2
69 121 5
134 154 10
276 12 7
110 134 3
296 110 5
213 83 4
69 291 6
198 25 9
75 248 4
135 141 7
261 74 8
31 299 4
231 221 7
103 25 2
30 298 6
150 251 8
292 162 3
147 125 7
26 9 10
288 99 8
113 215 6
273 233 2
74 13 10
67 177 2
138 168 2
219 10 7
124 108 7
174 208 10
132 79 4
35 261 5
190 154 6
34 77 4
111 50 2
165 160 8
152 125 8
41 145 8
109 148 7
156 139 5
47 45 5
293 70 4
15 277 10
98 34 2
223 230 5
125 47 3
0 299 5
78 225 7
107 53 3
58 51 3
176 159 5
15 172 4
152 289 2
218 29 6
70 205 5
23 147 6
30 116 4
99 212 7
124 58 6
14 95 7
100 137 3
283 276 6
212 161 10
126 295 8
42 218 8
240 108 6
279 129 6
150 164 2
109 89 7
118 154 6
192 23 2
163 119 5
238 141 2
187 263 4
83 224 8
248 129 7
86 123 6
159 225 5
99 223 8
116 278 5
137 152 3
249 24 6
283 193 4
30 9 10
92 205 4
24 93 5
153 233 10
76 224 6
58 75 10
21 20 2
168 258 6
209 17 7
284 247 2
26 140 10
161 104 3
110 250 5
157 63 5
168 276 6
84 243 8
196 269 4
262 99 3
176 82 8
141 267 8
233 149 6
204 155 5
154 34 5
172 78 3
191 82 2
130 275 10
300 119 9
239 111 8
171 260 8
142 101 3
18 193 2
212 99 7
134 215 5
178 81 3
188 18 2
145 264 10
145 170 5
168 24 5
4 124 10
197 254 3
32 42 3
286 205 6
132 75 3
252 210 2
167 178 2
92 21 5
114 8 2
91 1 3
82 221 2
108 195 8
167 223 6
300 117 2
159 184 5
271 226 10
173 239 6
69 86 6
79 14 4
226 161 5
126 233 3
45 277 4
204 29 2
201 194 4
267 199 7
293 83 7
257 76 9
0 66 8
216 149 10
239 133 5
241 103 4
127 175 3
103 137 6
228 215 8
88 29 4
260 192 10
51 178 4
101 64 2
15 147 2
206 116 5
77 72 5
56 156 3
285 85 9
92 62 2
144 281 4
124 202 9
273 164 9
171 289 8
222 180 5
177 158 6
209 201 7
286 79 2
129 235 8
18 278 2
291 152 9
82 62 2
173 255 9
161 144 4
32 273 3
154 176 5
246 111 2
148 155 8
275 293 10
188 64 4
121 7 3
163 245 7
47 29 7
56 62 7
160 168 2
236 178 2
10 266 8
213 230 10
18 49 2
240 201 9
179 130 6
213 133 7
163 252 6
21 110 3
292 13 4
106 28 4
208 285 2
85 168 5
288 236 6
48 265 4
265 272 2
216 157 7
59 62 5
27 15 6
264 189 6
284 129 3
134 124 5
230 156 7
12 208 9
105 73 2
122 161 7
135 279 5
39 28 5
280 115 7
155 7 10
85 41 8
126 118 2
215 141 7
154 96 6
20 94 4
209 156 10
126 87 5
296 162 8
208 273 6
88 8 5
83 154 10
201 205 7
50 35 7
169 52 6
244 138 10
213 275 5
260 22 9
36 40 10
240 25 2
280 43 2
241 269 8
289 48 2
80 225 10
21 236 10
124 150 10
240 243 3
236 228 9
112 110 3
129 112 5
151 240 10
102 287 7
140 37 8
281 213 3
111 291 8
221 48 6
198 242 6
274 4 3
2 132 9
55 112 7
251 93 9
164 21 3
99 125 7
58 106 4
247 169 4
141 47 8
9 167 10
83 271 3
185 49 10
274 183 2
231 138 10
182 237 4
16 236 9
116 243 3
126 37 10
122 249 7
192 213 7
20 116 2
277 159 9
219 293 4
189 69 10
27 117 9
134 64 6
94 18 3
205 21 6
261 276 8
206 169 3
174 24 8
127 280 5
116 97 7
214 49 7
78 248 8
10 218 4
241 86 4
74 201 9
279 3 4
13 278 6
114 278 9
251 105 4
260 277 2
126 60 8
166 35 3
220 34 4
127 55 7
30 40 3
13 275 10
128 177 10
201 59 2
30 46 3
70 0 4
60 209 2
205 287 10
216 4 5
80 182 5
162 173 2
36 93 6
50 192 7
287 293 9
121 74 9
137 251 6
13 269 10
203 187 8
61 146 6
48 275 3
28 152 5
170 108 8
225 255 4
278 153 10
222 162 3
265 266 10
194 57 6
265 209 9
131 164 3
83 210 7
279 168 4
49 2 9
288 278 4
177 156 5
138 125 9
10 215 3
77 194 9
10 272 5
87 110 8
191 114 9
215 51 2
151 235 2
15 202 5
134 218 3
34 111 10
112 148 2
285 192 10
255 265 4
292 50 2
87 13 9
290 54 7
52 297 10
185 227 6
60 86 4
191 153 8
123 299 3
253 246 7
119 276 10
134 233 4
52 58 7
237 229 2
244 256 5
74 81 2
10 84 3
261 231 10
218 12 7
238 31 7
207 254 8
63 152 7
35 233 4
247 142 7
49 73 3
57 116 8
219 205 9
195 239 3
224 95 7
206 270 6
52 233 8
198 126 4
171 140 6
248 272 4
122 115 10
247 228 9
137 105 2
265 159 3
241 57 4
112 43 8
29 132 6
181 182 6
99 292 3
53 134 10
118 61 10
280 258 2
34 259 7
133 275 9
43 218 8
183 204 2
52 213 6
141 56 4
291 159 5
282 27 5
294 84 9
223 284 5
157 197 6
120 226 8
17 66 5
300 250 4
69 151 2
160 206 8
177 47 3
94 19 10
125 36 8
157 247 9
117 245 3
297 2 5
154 193 8
153 205 9
151 294 3
77 45 3
197 143 4
42 253 2
47 53 6
223 129 7
242 180 4
74 146 7
299 249 2
77 252 7
216 111 9
168 71 10
273 249 4
150 298 2
136 232 4
131 77 4
165 134 9
169 251 6
282 230 9
255 135 4
155 29 9
114 111 9
241 83 3
5 114 10
203 113 9
5 269 3
93 231 6
14 213 3
222 157 9
40 265 3
82 191 9
90 292 3
164 259 2
220 180 10
179 231 3
43 163 4
89 7 7
93 193 9
222 252 5
138 40 9
6 198 6
198 249 5
87 143 10
138 47 3
137 41 4
264 161 10
56 160 2
165 118 4
21 74 3
134 101 9
225 97 8
196 253 10
166 290 3
124 183 5
267 154 5
279 88 3
72 250 6
274 16 2
204 32 7
181 227 7
189 78 5
198 46 6
138 181 2
161 292 7
106 25 10
112 241 2
12 298 8
249 159 9
77 39 10
123 210 10
53 57 7
238 173 7
33 120 10
214 89 2
64 188 2
260 32 9
149 71 9
49 205 6
202 35 7
164 281 4
154 58 8
289 12 6
75 131 8
275 261 7
155 257 7
53 28 2
18 187 3
157 255 8
258 199 9
5 239 10
48 74 3
251 102 3
95 105 2
163 160 4
30 94 7
190 138 10
262 246 6
83 48 2
140 299 2
45 133 7
192 246 5
238 160 4
19 191 4
288 109 9
132 17 10
172 64 9
211 200 7
284 108 6
50 59 7
115 127 7
254 171 8
72 181 7
274 267 8
262 240 9
44 266 9
157 239 9
204 183 2
56 200 7
176 58 7
190 66 7
244 213 8
19 285 2
187 200 7
196 218 2
296 237 4
123 156 2
251 37 5
55 190 2
257 23 2
90 120 3
130 60 9
154 86 4
63 154 4
61 113 2
172 173 5
129 42 8
218 194 10
203 192 3
182 226 10
252 286 6
75 233 5
195 111 8
257 202 8
59 82 3
123 130 4
205 228 9
12 202 10
170 168 2
194 92 4
139 224 8
295 234 10
221 184 3
224 235 7
122 72 5
57 240 10
68 129 4
182 184 7
147 297 8
84 146 5
109 81 10
53 287 7
130 155 5
295 197 9
165 74 6
114 251 9
161 220 10
41 88 7
38 24 8
163 215 4
45 115 8
74 257 4
87 64 10
39 204 8
27 11 7
279 120 10
2 233 7
296 295 8
286 170 9
47 274 2
229 202 8
71 21 5
244 29 4
297 152 10
59 123 6
206 233 5
10 295 2
136 48 2
103 198 3
165 163 3
261 2 5
163 212 10
267 134 7
66 94 7
58 267 5
91 19 7
60 82 8
58 40 4
255 215 2
36 247 2
280 132 6
264 173 4
51 54 2
272 2 6
62 296 5
69 224 2
180 230 4
194 243 7
4 213 4
88 189 9
4 185 10
49 288 9
261 87 4
256 93 4
66 2 3
236 226 9
185 213 4
10 28 2
290 212 5
187 300 5
109 174 4
102 206 3
186 170 4
267 144 5
154 248 7
58 132 2
30 258 7
58 70 4
295 141 6
202 92 8
153 62 8
218 116 5
278 26 7
56 117 10
222 196 5
24 294 10
116 5 5
194 48 10
20 160 7
45 125 9
238 98 3
163 276 10
69 147 3
254 228 10
241 16 5
238 167 10
268 0 10
254 277 2
45 15 4
159 122 10
245 79 8
50 68 6
59 91 2
128 3 3
59 2 8
137 61 7
89 160 2
182 44 9
225 258 4
189 1 5
9 298 5
63 214 5
230 108 9
32 169 7
265 13 2
156 144 6
126 263 3
214 70 8
142 240 3
133 0 2
268 143 4
133 116 6
116 47 2
40 218 10
127 205 8
146 283 2
119 87 3
180 62 8
111 220 9
151 212 7
266 128 8
290 254 9
287 18 8
187 19 3
14 35 10
230 80 10
35 273 6
33 201 4
29 293 6
48 26 6
241 78 4
58 234 2
237 60 4
159 106 6
73 3 6
35 98 6
228 59 3
181 231 2
105 99 2
294 27 9
190 157 3
186 242 10
264 56 8
102 215 10
291 231 4
24 103 4
213 108 5
112 105 4
54 76 5
219 28 5
148 294 7
268 132 9
131 118 10
290 196 5
195 37 10
174 73 5
196 251 4
255 248 10
161 145 8
163 65 8
141 64 10
85 20 2
139 76 8
199 2 3
274 68 7
196 44 4
87 295 5
45 17 9
242 27 5
125 159 8
148 95 2
122 121 8
100 199 2
284 11 4
180 56 7
223 9 10
23 198 2
114 91 7
36 257 10
227 103 10
248 44 4
109 144 4
66 267 3
164 75 6
41 278 8
145 246 4
247 152 7
22 208 10
182 274 5
66 180 2
62 72 3
55 187 2
204 279 7
96 158 7
138 64 4
268 297 7
279 238 5
288 299 3
237 185 10
127 157 7
247 181 2
232 234 5
267 108 2
266 126 3
120 155 5
159 58 3
170 164 10
105 176 9
160 109 9
158 220 7
22 123 2
185 22 3
70 179 2
51 21 3
103 286 6
26 38 9
186 5 4
110 138 3
18 110 10
197 109 3
247 93 10
14 261 8
165 293 8
206 176 7
37 264 9
225 164 9
275 12 2
184 224 3
0 21 4
129 5 9
246 269 5
97 273 7
211 202 6
65 113 9
5 196 10
73 19 4
79 39 4
253 247 4
283 265 10
126 176 5
231 2 9
198 255 4
240 142 9
100 37 8
280 188 6
64 31 10
205 280 2
47 259 10
185 125 8
117 84 4
30 104 7
170 24 7
217 7 8
282 102 8
163 38 10
218 298 6
37 65 5
168 169 3
59 248 4
41 51 3
28 215 4
172 140 10
5 28 6
97 91 6
154 169 10
4 141 3
276 45 4
292 149 9
28 25 5
30 34 9
144 142 8
171 240 8
117 132 6
158 230 7
101 40 6
192 118 5
194 66 3
219 125 8
255 289 7
112 140 5
189 98 7
117 238 7
139 254 9
81 92 10
188 130 10
81 14 2
80 215 8
201 233 8
125 94 2
46 275 2
293 162 2
9 168 5
237 251 10
202 77 3
233 252 8
156 212 4
83 168 9
233 85 5
69 295 5
55 240 2
134 40 6
245 145 4
183 265 2
148 212 5
35 182 3
207 183 10
282 203 7
53 11 5
184 15 8
153 181 7
41 72 2
261 141 9
24 118 8
107 275 2
263 41 5
230 12 7
271 56 3
113 37 3
54 128 6
175 69 8
265 194 9
295 109 10
254 178 6
179 127 3
53 230 10
119 54 10
279 160 6
203 98 6
151 103 7
89 144 7
19 292 3
227 173 2
38 9 5
5 297 8
241 61 2
269 115 6
155 75 9
226 247 2
62 287 3
253 43 6
100 49 10
74 72 2
181 298 9
269 134 5
163 37 5
80 44 4
269 159 2
268 147 9
56 212 3
125 181 10
193 151 6
217 76 2
219 257 6
52 153 10
173 149 4
0 30 4
146 6 3
204 205 4
114 80 2
126 227 5
300 37 3
294 237 5
119 278 3
107 160 10
155 142 6
284 112 3
97 204 5
45 153 2
188 19 10
281 57 2
4 259 8
41 107 3
46 19 9
195 197 5
141 256 9
108 9 9
158 170 3
214 280 9
80 278 2
38 175 6
93 207 2
185 113 3
105 213 6
124 299 3
40 9 5
185 86 10
111 283 9
151 12 10
239 266 6
56 75 8
167 63 8
135 227 8
57 284 8
244 5 5
222 282 9
230 226 9
210 14 10
300 148 10
208 196 8
257 11 4
113 110 10
72 182 9
209 170 9
271 264 8
250 5 10
50 1 10
164 57 5
123 214 2
284 95 8
69 131 9
42 239 5
139 122 8
192 132 6
266 149 9
81 31 9
300 85 9
175 61 8
258 227 5
225 52 10
118 41 9
293 19 9
224 9 5
59 56 10
119 205 7
153 270 3
90 50 7
138 87 6
127 121 7
256 176 7
69 134 3
229 59 9
153 98 4
165 169 3
230 233 3
17 259 3
85 34 5
5 64 3
144 73 4
193 224 4
297 38 9
22 269 10
119 51 7
242 240 8
17 37 4
184 2 5
172 49 4
236 136 6
174 152 3
289 116 10
152 183 8
154 281 7
22 138 4
67 164 3
64 265 8
129 75 7
185 164 5
27 247 10
293 267 6
40 207 2
265 202 4
85 178 7
147 91 2
213 105 10
112 289 7
279 201 8
121 299 7
158 144 5
107 75 7
216 260 5
215 114 2
252 119 3
94 193 3
151 95 8
53 85 10
279 77 7
59 30 3
293 274 4
295 223 9
172 54 9
296 78 5
99 192 5
120 62 9
38 199 2
112 81 4
33 252 10
275 254 4
295 63 7
173 170 5
92 221 6
63 249 6
107 262 10
210 227 9
15 53 8
53 0 4
203 257 9
66 298 9
230 184 6
23 119 4
109 115 10
83 69 10
64 25 7
62 6 9
22 64 9
260 172 9
84 230 5
205 138 9
163 32 4
188 271 3
165 275 8
223 300 9
3 17 2
137 53 10
205 153 9
51 97 5
209 200 5
57 276 5
67 38 7
148 9 2
250 173 10
116 132 7
39 243 3
170 239 5
235 193 5
148 177 10
281 244 4
119 227 9
281 164 4
235 18 5
25 260 4
87 288 2
201 169 3
169 184 7
209 293 8
234 156 2
83 158 3
241 29 10
151 25 3
64 144 4
151 241 5
202 199 10
147 219 2
232 248 9
295 170 2
26 230 7
57 271 3
215 35 2
192 62 10
221 58 5
219 113 5
300 158 5
228 238 3
138 46 5
209 92 7
52 192 9
94 107 4
228 246 6
98 175 10
147 157 9
101 58 6
35 200 6
41 4 8
141 72 5
25 194 4
96 25 8
94 277 8
236 26 5
122 97 9
26 46 6
222 254 9
155 252 8
136 212 8
189 16 8
116 2 10
219 138 4
257 178 9
234 221 4
256 155 8
232 5 3
299 180 10
195 204 9
195 131 6
61 66 6
58 184 6
23 181 5
142 247 7
217 61 7
248 184 4
243 292 7
293 62 5
56 179 8
4 120 2
67 23 9
56 283 3
142 11 3
257 46 3
107 152 4
293 244 2
270 286 3
141 192 6
117 235 2
193 217 3
215 55 4
139 81 6
93 31 2
12 186 3
132 97 7
286 152 10
141 11 8
115 282 10
128 12 4
154 202 5
268 152 9
255 31 10
171 103 4
213 185 9
129 117 2
60 285 6
177 204 4
95 77 5
289 58 7
97 208 8
110 93 6
197 124 7
82 280 4
184 275 10
244 269 8
242 142 2
89 199 3
55 221 4
137 130 6
139 123 4
53 247 7
2 198 6
173 174 7
141 201 5
135 175 5
191 81 7
7 234 3
7 297 7
237 80 10
256 283 10
272 112 7
207 10 2
251 106 7
267 176 6
166 298 5
279 29 5
36 79 7
195 178 5
41 5 4
26 136 6
21 88 9
140 158 4
260 274 2
30 136 6
274 131 6
59 19 9
243 167 9
47 40 6
238 44 6
138 147 4
19 115 3
283 6 7
280 10 5
89 288 6
191 242 3
72 101 7
254 252 6
174 249 4
48 249 10
211 138 5
215 282 3
225 199 10
268 218 6
47 83 8
282 168 4
236 271 7
184 78 8
185 289 10
130 222 9
286 56 8
80 47 9
170 236 10
149 260 4
101 246 5
47 210 9
102 239 5
126 6 4
12 267 7
3 198 4
127 282 5
237 206 3
259 241 10
268 173 4
152 81 5
72 169 9
67 4 7
129 159 8
78 94 7
92 140 10
20 123 6
85 82 5
14 290 2
31 32 9
216 152 10
130 102 10
189 261 3
125 257 8
29 10 4
35 82 8
98 298 9
261 133 6
255 110 9
22 202 9
8 82 2
11 247 6
105 188 2
288 248 6
5 150 9
202 55 2
192 198 4
97 136 4
115 65 5
175 105 2
281 49 4
44 196 2
28 282 8
249 275 4
10 277 2
130 69 5
127 4 6
115 56 9
229 51 5
187 108 5
159 155 9
146 173 3
282 85 4
50 26 6
265 71 8
128 107 9
149 168 9
160 10 9
156 109 3
172 31 7
116 178 2
258 27 5
130 117 4
224 142 8
104 299 7
15 232 8
24 197 9
185 192 3
167 291 10
37 219 4
242 166 2
78 141 8
118 65 3
23 57 6
67 191 9
278 166 6
132 105 4
215 220 5
239 128 8
178 118 9
9 137 9
80 293 5
289 283 6
187 13 7
96 235 3
80 181 3
140 125 5
209 263 3
148 223 8
166 153 6
85 182 3
135 50 9
191 231 3
11 292 2
247 174 10
145 78 8
234 193 7
58 16 5
140 283 6
220 230 10
31 37 4
64 47 5
212 129 5
48 127 7
69 55 6
190 21 4
294 180 8
145 121 8
73 34 6
152 41 6
103 252 9
171 149 5
138 162 3
61 106 10
41 86 6
4 31 5
18 154 10
171 134 6
244 109 4
252 150 8
289 155 2
94 237 8
167 203 8
177 297 4
29 268 9
9 163 9
285 280 6
153 91 8
52 17 3
220 166 8
48 179 8
24 257 8
96 232 2
228 279 4
216 71 9
160 219 4
128 130 5
0 169 3
92 136 6
103 33 5
279 214 5
226 123 8
106 294 6
180 299 6
109 123 3
60 161 9
52 75 4
134 71 5
116 281 9
250 233 2
32 86 4
1 167 3
246 286 8
278 108 8
239 296 5
239 9 4
155 214 2
211 291 7
274 67 5
165 30 7
149 73 3
244 123 8
66 300 8
53 253 7
289 51 6
147 69 6
192 267 4
289 158 3
246 277 8
200 196 7
170 279 6
175 6 8
89 240 2
108 43 4
172 279 4
273 278 2
259 38 5
118 230 10
281 129 7
249 32 10
98 214 3
157 79 10
76 148 10
290 1 2
245 149 3
176 280 8
2 143 2
231 213 5
87 161 7
75 258 9
209 6 3
234 191 8
223 62 4
195 298 10
251 19 10
225 189 8
95 133 9
202 122 6
10 161 5
288 132 7
226 138 6
169 67 2
153 59 5
67 289 4
190 114 3
64 217 7
215 65 7
259 180 5
287 75 2
259 247 2
148 264 5
70 214 9
248 168 4
239 282 10
62 243 7
170 127 8
38 294 4
26 146 7
119 35 9
26 62 8
271 78 10
224 300 9
174 294 3
185 271 9
124 137 2
94 247 4
192 146 9
150 8 5
257 71 7
34 83 5
157 120 2
16 120 8
257 241 10
253 147 5
193 91 10
151 73 5
235 219 9
12 250 8
5 292 3
91 206 9
188 49 9
54 274 3
246 36 5
115 69 6
186 161 6
167 241 4
224 152 6
283 49 3
296 257 3
151 23 7
32 246 6
284 150 10
211 205 9
32 81 6
291 294 5
106 266 8
6 159 4
52 100 8
118 226 9
226 108 3
107 182 5
218 149 8
0 17 4
141 116 2
17 292 5
256 288 6
242 79 5
295 187 10
97 235 4
233 229 3
282 145 7
239 236 3
297 194 10
222 37 6
257 119 10
241 82 7
93 106 3
111 142 5
35 244 2
45 179 5
208 125 7
167 11 9
120 218 9
59 26 10
239 105 4
20 281 2
34 280 8
146 130 5
291 139 4
244 289 3
93 156 8
231 289 5
220 281 9
45 66 7
219 212 7
23 26 5
186 91 3
46 214 6
182 213 5
18 171 5
13 248 2
8 58 7
84 235 7
152 161 3
244 118 9
151 284 4
67 265 5
149 209 7
297 226 9
0 278 5
26 45 6
169 126 8
246 23 9
263 68 10
72 161 3
51 242 9
231 121 6
163 125 4
66 49 4
130 188 4
4 148 3
36 285 7
73 283 4
242 7 7
177 251 6
18 30 10
154 106 5
59 32 9
114 147 7
85 141 4
263 106 2
248 243 2
1 202 2
73 47 4
59 114 7
50 225 3
238 105 5
41 3 9
118 91 3
273 287 7
229 266 3
263 168 5
128 250 6
127 274 2
274 186 7
269 283 5
115 242 3
268 57 7
196 98 2
205 130 7
0 166 9
243 191 3
14 151 9
210 194 7
123 298 3
46 248 8
254 8 5
254 163 2
183 35 8
